  2.1340624e-001  7.5672327e-001
 -5.2103639e-001 -6.0533025e-001
 -1.3913797e-001  2.0693860e-001
 -1.1231593e-001  4.0004556e-001
  2.5331727e-001  5.0603659e-001
  1.9155456e-001  1.1482365e+000
 -5.2876239e-001 -1.2066207e+000
  2.2735487e-001  4.7495696e-002
  9.0836453e-001  1.6652126e+000
  2.1745258e-001  1.1561139e-001
  3.9030956e-001  1.1031434e+000
 -7.0235292e-002 -2.5447713e-001
 -1.7012273e-001  1.5156346e-002
 -7.8320702e-001 -1.2263468e+000
 -7.1680731e-001 -1.2814722e+000
  1.8677353e-001  2.5566986e-001
 -9.2020084e-001 -8.8718270e-001
 -5.1517301e-001 -7.1108188e-001
  3.4524615e-001  1.3320551e-001
  5.1625103e-001  6.8090990e-002
 -1.3340169e+000 -1.9482754e+000
  6.0416616e-001  1.3164023e+000
  7.9289471e-001  2.4005203e+000
 -3.0828343e-001 -1.1341669e+000
  5.8066704e-001  4.4173018e-001
 -6.5393652e-001 -2.1206395e+000
  8.7168798e-001  1.2747195e+000
  3.7830360e-001  6.0302496e-001
 -9.9716908e-002 -1.0267467e-001
 -1.1264681e+000 -1.5167702e+000
  7.4027470e-001  1.3013345e+000
 -5.0309345e-001 -7.9342712e-001
  3.6914657e-001  5.4636593e-001
  1.7170639e-001  3.9523585e-001
  1.8765230e-002 -5.2825880e-001
 -9.9182517e-002 -5.4280359e-001
  9.0773499e-001  1.1066984e+000
  5.5267171e-001  1.1397096e+000
 -5.1432360e-001 -1.0491918e+000
  3.8682394e-001  5.4858422e-001
 -9.2676759e-002 -1.5427258e-001
 -5.5685774e-003 -2.5726583e-001
  1.4757500e+000  2.1002700e+000
  5.9280574e-001  5.9484692e-001
 -3.4323568e-001 -7.1439894e-001
 -9.8085017e-001 -1.8993247e+000
 -4.8144967e-001 -1.0252317e+000
  3.0610637e-001  9.6304840e-001
 -2.1230319e-001 -6.5679034e-001
 -6.8829556e-002 -4.6738165e-001
 -5.8664263e-001 -1.0703947e+000
  7.0364008e-001  1.6175163e+000
  9.7194492e-002  4.3540430e-001
  6.6289747e-001  1.3147037e+000
 -1.0998138e+000 -1.4959432e+000
 -1.0439744e+000 -1.3061007e+000
  5.1092881e-001  7.1803742e-001
  4.5259403e-001  1.1221845e+000
 -4.4229126e-001 -2.4120078e-001
  1.3526555e+000  1.7118573e+000
 -2.1798834e-001 -1.9852912e-001
 -4.5882920e-002  3.7571575e-001
 -1.8419575e-001 -5.7277248e-002
  1.9181610e-001  3.1556238e-001
 -1.1124469e-001  2.3127168e-001
 -1.2624221e-001 -3.1107996e-001
 -6.8188092e-001 -6.3246522e-001
  3.9107843e-001  3.6475773e-001
  9.6088253e-001  1.1294085e+000
 -3.0497191e-001 -3.9425770e-001
 -4.3313158e-001 -1.0003892e+000
  3.8929109e-001  6.3082304e-001
 -2.1669519e-001 -6.3916658e-001
  7.6471513e-002 -4.3485955e-001
 -6.3188185e-001 -1.1323249e+000
  1.9611224e-001  1.1935015e+000
 -2.8441880e-001 -8.8389281e-001
 -2.5636170e-001 -8.3077079e-001
 -5.2572362e-001 -5.4240234e-001
 -5.3890099e-001 -8.6582528e-001
 -7.1556580e-001 -1.6040521e+000
  2.9863762e-001  5.6095666e-001
 -7.4109626e-002  5.5379771e-001
  5.4161822e-001  1.7917548e+000
 -7.2110047e-001 -1.0390858e+000
  5.0728454e-001  1.3249950e+000
 -1.6184579e-001  9.0112982e-002
 -1.7034250e-001 -6.4884207e-001
 -1.9897398e-001 -7.7420640e-001
 -6.9217616e-001 -4.9566304e-001
  7.5703713e-001  5.3504492e-001
  8.1384640e-001  5.3457499e-001
 -1.0317408e+000 -1.7321801e+000
  3.3523480e-001  1.1400212e+000
 -1.6394219e-001 -3.0861645e-001
 -3.9110568e-001 -6.3816456e-001
 -4.4542862e-001 -1.1172996e+000
 -5.2120690e-001 -9.0502698e-001
 -4.0969704e-001 -5.5062053e-001
  1.1471270e+000  1.7281718e+000
  2.6264743e-001  2.2389949e+000
 -3.0578058e-001  1.3927559e+000
 -3.9564850e-001  1.1467888e+000
  1.1543129e+000  4.1165549e+000
  2.5261896e-001  2.3300350e+000
 -9.1024991e-001  4.1762113e-001
 -2.0438698e-001  1.4744713e+000
  3.9930859e-002  2.0443588e+000
 -3.9878889e-002  1.8215609e+000
 -8.4306262e-001  7.4348795e-001
  4.2663431e-003  2.0936373e+000
  2.3760369e-001  2.9021771e+000
 -1.1960928e+000  7.8675728e-001
  5.4835010e-001  3.0839315e+000
 -7.6998546e-001  9.1204283e-001
 -2.5884879e-001  1.6313134e+000
  1.6804668e-001  2.1847392e+000
  3.9402151e-002  2.0866395e+000
 -2.5747645e-001  2.0894350e+000
  3.9450970e-001  2.5242133e+000
 -1.6441145e-001  2.1043538e+000
  8.2923757e-002  2.5459088e+000
 -1.5262162e-001  9.3785281e-001
  7.1590475e-001  3.7264161e+000
 -4.7938910e-001  1.1562275e+000
  2.0348459e-001  2.6596527e+000
  2.2893901e-001  2.0831652e+000
  3.0664921e-001  1.6612468e+000
 -8.8229893e-001  8.1515926e-001
  9.3516643e-001  3.4890620e+000
 -1.3671862e-001  2.4253243e+000
  2.9246039e-001  2.2477390e+000
 -3.2348709e-001  8.8788693e-001
  2.8992168e-001  2.5064293e+000
 -1.7053187e-001  2.0436247e+000
  1.1116027e+000  3.4745267e+000
 -4.6319037e-001  1.0882736e+000
 -4.3902134e-001  1.2380841e+000
 -5.8988477e-001  8.8895158e-001
  5.9951961e-001  2.1771944e+000
 -2.4777173e-002  1.9022902e+000
  2.5362066e-001  1.6432032e+000
  6.0147571e-001  2.7520782e+000
  4.5876122e-001  3.0973038e+000
  5.7043640e-001  2.5233481e+000
  3.3682201e-001  2.4736159e+000
  1.0757894e-001  2.2063513e+000
  5.8393080e-001  2.4190928e+000
 -1.1070729e+000  4.4910609e-001
 -6.4324614e-001  1.2954844e+000
 -6.0228412e-001  4.1078116e-001
 -1.7255922e-001  1.7683885e+000
 -3.2205534e-001  1.3295935e+000
  1.4582381e-001  2.9026896e+000
  9.6716698e-001  3.9446811e+000
 -1.2441770e+000 -2.7428460e-001
  6.4968856e-002  1.5447358e+000
 -4.2378002e-001  7.5991452e-001
  8.0044212e-001  2.1277879e+000
  1.5996662e-001  2.2908852e+000
 -1.2656349e+000 -1.6529605e-002
  7.9555605e-001  2.5537818e+000
 -3.9931303e-001  1.6573333e+000
 -3.6674359e-001  1.9087543e+000
  1.1424006e+000  4.0723451e+000
  8.7659682e-002  2.3300179e+000
 -1.2466250e-001  2.5522349e+000
 -1.6723722e-001  1.9858220e+000
  7.9174291e-001  2.6346690e+000
  1.7474370e-001  1.5923410e+000
 -3.4970071e-002  2.1757506e+000
 -9.2708057e-001  4.3698234e-001
 -4.3597953e-001  2.1213633e+000
  6.4715545e-001  2.9462256e+000
 -8.0158396e-001  7.8202314e-001
 -1.0254471e+000  5.7192906e-001
 -1.0496840e-001  2.2091856e+000
  4.0612269e-001  2.5720661e+000
 -2.5410356e-001  1.7123490e+000
  4.2932055e-001  3.0631019e+000
  1.8118565e-001  2.3868441e+000
 -6.1286983e-001  1.2103384e+000
 -5.0303852e-001  1.7227135e+000
  5.4344290e-002  1.8696644e+000
 -7.8929906e-001  8.2249225e-001
 -4.1865496e-001  1.6548311e+000
  3.1816502e-002  2.1051895e+000
 -2.9635526e-002  2.1598383e+000
  2.7506168e-001  2.0224848e+000
 -1.1564636e-001  1.6419179e+000
  6.5884590e-001  2.7794416e+000
  1.0770580e+000  3.6934946e+000
 -2.8931546e-001  1.9124829e+000
  2.8776320e-001  2.6846861e+000
  4.5318185e-001  2.7050805e+000
  1.2364878e-001  2.0104023e+000
  1.4314966e-002  1.5879347e+000
 -1.3223646e-001  1.4628780e+000
  4.6064792e-001  2.0317614e+000
 -1.4007227e-001  1.3709572e+000
